result1 = 2.59635799135966e-12
result2 = 2.59635799135966e-12
result3 = 4.8279900966008427e-8
