result1 = 2.65193921505278e-12
result2 = 2.65193921505278e-12
result3 = 4.829354338653502e-8
