result1 = 2.292037151849622e-12
result2 = 2.292037151849622e-12
result3 = 3.4766401313390816e-8
