result1 = 21167.208319565725
result2 = 2.5472441940698405e-11
result3 = 2.2515175714943325e-6
