result1 = 21167.208319565725
result2 = 2.545411058145088e-11
result3 = 2.380963223913568e-6
