result1 = 2.649890074691411e-12
result2 = 2.649890074691411e-12
result3 = 4.829354338653502e-8
