result1 = 2.649481680521651e-12
result2 = 2.649481680521651e-12
result3 = 4.8314916512026684e-8
