result1 = 2.649891777856828e-12
result2 = 2.649891777856828e-12
result3 = 4.829990984944743e-8
