result1 = 21167.208319565725
result2 = 2.5474713264389584e-11
result3 = 2.2515139335155254e-6
