result1 = 2.1055800293665075e-12
result2 = 2.292037151849622e-12
result3 = 3.47836817127245e-8
