result1 = 2.65193921505278e-12
result2 = 2.65193921505278e-12
result3 = 3.4766401313390816e-8
