result1 = 2.292037151849622e-12
result2 = 2.292037151849622e-12
result3 = 4.829354338653502e-8
